320 800 120 684 
320 1000 90 627 
240 800 150 660 
320 1000 150 673
320 600 90 574 
240 600 120 684 
400 800 150 545
400 800 90 484 
320 800 120 684 
240 800 90 652 
400 600 120 565
320 800 120 684
400 1000 120 607
320 600 150 582 
320 800 90 583
240 800 120 739  
400 600 120 565 
400 1000 90 590 
360 800 150 626 
320 600 150 582 
280 600 90 645 
280 1000 120 700 
400 600 90 492 
240 1000 150 620 
240 600 90 669 
320 800 90 583 
280 600 150 598 
360 800 90 556 
240 800 120 739 
400 800 120 611 
240 600 90 669 
360 600 120 580 
320 600 120 654
360 600 120 580 
240 1000 120 723 
280 800 120 688 